Webots Project File version R2023a
perspectives: 000000ff00000000fd00000002000000010000017f000002effc0200000001fb0000001400540065007800740045006400690074006f00720100000016000002ef0000008700ffffff0000000300000780000000fdfc0100000001fb0000001a0043006f006e0073006f006c00650041006c006c0041006c006c0100000000000007800000006900ffffff000005ff000002ef00000001000000020000000100000008fc00000000
simulationViewPerspectives: 000000ff000000010000000200000145000003a80100000002010000000100
sceneTreePerspectives: 000000ff00000001000000030000001e000000c00000010a0100000002010000000200
minimizedPerspectives: 000000ff00000000fd00000002000000010000017f000003cefc0200000001fb0000001400540065007800740045006400690074006f00720100000016000003ce0000008700ffffff0000000300000780000000fdfc0100000001fb0000001a0043006f006e0073006f006c00650041006c006c0041006c006c0100000000000007800000000000000000000005ff000003ce00000001000000020000000100000008fc00000000
maximizedDockId: -1
centralWidgetVisible: 1
orthographicViewHeight: 1
textFiles: 4 "controllers/general_controller/general_controller.py" "controllers/4_wheel_robot/4_wheel_robot.py" "controllers/object_tracking_build/object_tracking_build.py" "controllers/Objec_tracking/Objec_tracking.py" "controllers/Objec_tracking_2/Objec_tracking_2.py"
globalOptionalRendering: CoordinateSystem::DistanceSensorRays::CameraFrustums
consoles: Console:All:All
renderingDevicePerspectives: laptop:display;0;0.354505;0.800611;0.0144718
renderingDevicePerspectives: robot:CAM;1;0.296875;0;0
